      0/63     1.75G   0.08028   0.02099   0.01849    0.1198        67       640   0.01513     0.275  0.009493  0.002422   0.08535   0.01767   0.01268
      1/63     10.2G   0.07309   0.02055   0.01701    0.1107        82       640   0.01713     0.275   0.01171  0.003652   0.08319   0.01728   0.01259
      2/63     10.2G   0.07717   0.02185   0.01868    0.1177        57       640   0.02317    0.3167   0.01319  0.003295   0.08027   0.01688   0.01236
      3/63     10.2G   0.07451   0.02011   0.01732    0.1119        59       640   0.01342    0.3167     0.011  0.002401   0.07652   0.01658   0.01215
      4/63     10.2G   0.07237   0.02068   0.01683    0.1099        60       640   0.06344   0.09098   0.03473   0.00716   0.07296   0.01619   0.01197
      5/63     10.2G   0.07023   0.02179   0.01757    0.1096        62       640    0.1155   0.08333   0.05406   0.01398    0.0709   0.01558   0.01153
      6/63     10.2G   0.06789   0.02141   0.01667     0.106        49       640    0.1943   0.08333   0.08682   0.02668   0.06856   0.01511   0.01137
      7/63     10.2G   0.06582   0.02222    0.0165    0.1045        64       640   0.08474       0.3    0.1046   0.03446    0.0656   0.01519   0.01108
      8/63     10.2G   0.06681   0.02092   0.01636    0.1041        53       640    0.1653    0.2973    0.1314   0.03946   0.06245   0.01474   0.01116
      9/63     10.2G   0.06472   0.02194   0.01513    0.1018        43       640    0.1858    0.2917    0.2474    0.0651   0.06084   0.01439   0.01097
     10/63     10.2G   0.05748   0.02143    0.0144    0.0933        55       640    0.2369    0.5667     0.259    0.1014   0.05755   0.01448   0.01081
     11/63     10.2G   0.05987   0.02263   0.01476   0.09726        63       640    0.4026    0.5667    0.4294    0.1839   0.05351    0.0146   0.01084
     12/63     10.2G   0.05878   0.02194    0.0149   0.09562        47       640    0.3917     0.475    0.4178    0.1967   0.05043   0.01425   0.01084
     13/63     10.2G   0.05975   0.02144   0.01584   0.09703        63       640    0.4211    0.7083     0.484     0.185   0.04911   0.01403   0.01116
     14/63     10.2G   0.06013   0.02261   0.01497   0.09771        75       640    0.4331    0.4833    0.4428    0.2631   0.04863   0.01415   0.01091
     15/63     10.2G   0.05092   0.01976   0.01356   0.08424        75       640     0.368    0.8167    0.5092     0.296   0.04663   0.01406   0.01062
     16/63     10.2G   0.05698   0.02184    0.0145   0.09333        59       640    0.4378     0.825    0.5591    0.2687   0.04401   0.01357   0.01068
     17/63     10.2G    0.0581   0.02017   0.01509   0.09336        72       640    0.5087    0.6278    0.4797    0.2751   0.04139   0.01299    0.0108
     18/63     10.2G   0.05246   0.01753   0.01409   0.08408        58       640    0.5082    0.6833    0.5044    0.2686   0.04239    0.0125   0.01077
     19/63     10.2G   0.04936   0.02079   0.01295    0.0831        51       640    0.5157    0.6799    0.5255    0.2878   0.04261   0.01226   0.01093
     20/63     10.2G   0.05452   0.02022   0.01412   0.08886        61       640     0.506    0.8125    0.5808    0.2747   0.04079   0.01223   0.01044
     21/63     10.2G   0.05177   0.02052   0.01464   0.08694        68       640    0.5635    0.5804    0.5261    0.2699   0.04116   0.01186   0.01038
     22/63     10.2G   0.05069   0.02169   0.01394   0.08631        75       640    0.4798    0.8066    0.5636    0.2652   0.04118   0.01166   0.01044
     23/63     10.2G   0.05049   0.02159   0.01316   0.08524        72       640    0.5702    0.8161    0.6731    0.3242   0.03843   0.01138   0.01048
     24/63     10.2G   0.05458   0.01884   0.01372   0.08714        70       640    0.6367    0.7242    0.6407    0.3892   0.03641   0.01112   0.01002
     25/63     10.2G   0.05661   0.01824   0.01522   0.09006        75       640    0.6352    0.7967    0.7149    0.4144   0.03582   0.01086   0.01002
     26/63     10.2G   0.04689   0.01755   0.01278   0.07722        58       640     0.643     0.725    0.7024     0.446   0.03609   0.01024  0.009959
     27/63     10.2G    0.0521    0.0199    0.0138    0.0858        50       640    0.5291    0.8016    0.6692    0.3736   0.03483   0.01002   0.01005
     28/63     10.2G   0.05257   0.01843   0.01397   0.08497        53       640     0.525    0.7526    0.5916    0.2067   0.03649  0.009593   0.01027
     29/63     10.2G    0.0451   0.01611   0.01227   0.07348        82       640    0.5466    0.7223    0.6812    0.3239   0.03646  0.009243      0.01
     30/63     10.2G   0.05267   0.01801   0.01409   0.08478        65       640     0.553    0.7949     0.679    0.4164   0.03389  0.009272  0.009742
     31/63     10.2G    0.0468   0.01793    0.0132   0.07793        80       640    0.6664    0.7645    0.7278      0.45   0.03371  0.009179  0.009583
     32/63     10.2G   0.04747    0.0177   0.01299   0.07816        55       640    0.6073      0.75    0.7291    0.4388   0.03435  0.009193  0.009454
     33/63     10.2G   0.04367   0.01825   0.01272   0.07463        87       640    0.6543    0.7666    0.7692    0.5172   0.03345  0.009182  0.009509
     34/63     10.2G   0.04547   0.01611   0.01205   0.07363        57       640    0.5485    0.8667    0.7656    0.4878   0.03375  0.008996  0.009398
     35/63     10.2G   0.05013   0.01762   0.01322   0.08098        54       640    0.8286    0.6749    0.8078    0.5804    0.0315  0.009239  0.009163
     36/63     10.2G   0.04398   0.01712   0.01219   0.07329        62       640    0.8677     0.675    0.8264    0.5182   0.03197  0.009324  0.009314
     37/63     10.2G   0.05072   0.01796   0.01227   0.08095        48       640    0.8436    0.7167    0.8456     0.555   0.03136  0.009198  0.009028
     38/63     10.2G   0.04343   0.01888   0.01207   0.07437        79       640    0.8663    0.7167    0.8138    0.4939   0.03147  0.009209  0.008902
     39/63     10.2G   0.03754   0.01565   0.01122   0.06441        68       640         1    0.6324    0.8298    0.5272   0.03211  0.009008  0.008887
     40/63     10.2G   0.04539   0.01627   0.01188   0.07354        75       640    0.9164    0.7332    0.8399    0.6004    0.0304  0.008854  0.008778
     41/63     10.2G   0.04473   0.01716   0.01199   0.07388        70       640    0.8264    0.7923     0.854      0.57   0.03205  0.008769    0.0087
     42/63     10.2G   0.04468   0.01752   0.01188   0.07408        86       640    0.7733    0.8083    0.8362    0.4968   0.03341  0.008716  0.008737
     43/63     10.2G   0.04249   0.01607   0.01262   0.07117        57       640    0.8119    0.8079    0.8437     0.526   0.03225  0.008717  0.008752
     44/63     10.2G   0.04716   0.01374   0.01197   0.07286        53       640    0.8116    0.7667    0.8228    0.4854   0.03038  0.008618  0.008894
     45/63     10.2G   0.03429   0.01607   0.01056   0.06093        50       640    0.8053    0.7665    0.8072    0.5296   0.02895  0.008661  0.008453
     46/63     10.2G   0.04327   0.01728   0.01155   0.07209        61       640    0.7669    0.7667     0.802    0.5313   0.02924  0.008811    0.0084
     47/63     10.2G   0.03789   0.01799   0.01021   0.06608        79       640    0.7758     0.823    0.8362    0.5572   0.02886  0.008757  0.008319
     48/63     10.2G   0.04399   0.01628   0.01191   0.07219        70       640    0.7477    0.8057    0.8307    0.5599   0.02965  0.008453  0.008317
     49/63     10.2G   0.04896   0.01636   0.01261   0.07792        56       640    0.7888    0.8083    0.8581    0.5408   0.03005  0.008393  0.008136
     50/63     10.2G   0.03725   0.01565   0.01098   0.06387        43       640    0.9077     0.725    0.8553    0.6313   0.02853   0.00841  0.008134
     51/63     10.2G   0.03918   0.01648   0.01054   0.06621        84       640      0.94    0.7217    0.8725    0.6263   0.02845  0.008263  0.008199
     52/63     10.2G   0.04272   0.01596   0.01185   0.07052        57       640    0.9184     0.725    0.8829    0.6339   0.02853  0.008196  0.008292
     53/63     10.2G    0.0414   0.01486   0.01148   0.06773        61       640     0.887    0.7664    0.8789    0.5977   0.02883  0.008166  0.008296
     54/63     10.2G   0.04552   0.01705   0.01313    0.0757        82       640    0.8481    0.7667    0.8669    0.5751   0.02843  0.008052  0.008426
     55/63     10.2G   0.04593   0.01725   0.01285   0.07603        90       640    0.8288    0.7662    0.8645    0.5737   0.02804  0.008095   0.00843
     56/63     10.2G    0.0325   0.01509   0.01064   0.05823        57       640     0.846    0.7666     0.854     0.607   0.02934  0.008031  0.008392
     57/63     10.2G   0.03349   0.01517   0.01021   0.05888        83       640    0.8431    0.8083    0.8645    0.6216   0.02946  0.007913   0.00833
     58/63     10.2G   0.03896   0.01599   0.01029   0.06523        65       640    0.8229    0.8083    0.8595    0.6213   0.02952  0.008022  0.008255
     59/63     10.2G    0.0461   0.01596   0.01161   0.07367        80       640    0.8528    0.8066    0.8606    0.5848   0.03037  0.008128  0.008236
     60/63     10.2G   0.04616   0.01615   0.01113   0.07344        62       640    0.8498    0.8075    0.8662    0.6173   0.02899   0.00825  0.008256
     61/63     10.2G   0.04308   0.01562   0.01172   0.07042        72       640    0.8441    0.8074    0.8788     0.655   0.02842  0.008267  0.008173
     62/63     10.2G    0.0488   0.01571   0.01192   0.07643        89       640     0.844    0.8078      0.89    0.6327     0.028  0.008271  0.008099
     63/63     10.2G   0.03988   0.01666   0.01065   0.06719        63       640    0.9724    0.7222    0.8879    0.6073   0.02802   0.00827   0.00809
